16317
15711
16632
25922
30333
16437
454
8644
27333
26897
4468
25971
602
388
4251
18260
5496
6399
5686
15789
25424
10945
32293
24474
10862
8483
8649
11492
26104
908
24330
10602
11082
10685
16612
30377
22805
8734
26748
22378
32642
18817
27658
13629
20010
18561
15473
13491
25997
5964
5847
9891
8995
26791
18656
9475
3348
15707
15158
24781
25842
31918
4303
17766
11738
17810
2008
4818
7423
20654
28527
2366
31564
23362
28389
32505
18574
28128
13281
5171
8800
25737
30555
744
30227
30355
19875
14037
31690
18071
3750
24064
30016
20731
5057
5289
28624
25285
2146
30194
