416
467
351
423
430
488
262
465
357
334
350
338
262
293
314
398
215
330
407
219
240
337
478
430
331
478
329
444
397
215
212
301
218
380
500
495
315
326
318
373
493
323
222
388
355
426
241
220
252
327
334
323
379
398
214
270
492
223
426
381
327
363
313
309
289
426
426
223
500
298
238
412
389
373
358
290
221
324
340
238
250
299
381
437
386
332
263
272
402
349
205
482
241
427
456
469
356
330
427
318
378
276
313
389
270
293
391
498
266
414
434
467
440
467
474
370
285
385
319
327
387
268
471
478
201
281
235
493
435
271
403
203
340
302
216
376
253
383
297
333
445
208
477
467
457
488
474
293
254
415
482
249
369
354
264
265
359
245
314
358
442
354
296
460
386
489
250
438
437
417
359
460
330
411
241
468
329
456
489
423
391
280
325
334
332
464
398
366
247
319
390
433
203
294
234
446
260
350
204
205
357
461
216
246
238
345
371
284
406
441
423
292
416
465
287
328
409
422
492
213
500
321
317
385
404
281
498
304
397
315
406
254
236
348
312
488
495
421
380
453
404
268
387
494
306
386
401
488
211
386
202
323
395
406
409
458
492
299
321
467
259
438
455
433
260
236
372
467
235
338
234
329
481
279
218
400
440
202
381
457
297
244
396
227
230
257
255
474
304
458
396
282
465
265
411
434
483
460
240
431
420
304
487
299
260
300
389
238
448
286
334
420
252
473
413
414
451
282
478
232
338
410
375
455
334
213
496
367
476
386
286
320
360
276
460
475
240
455
415
284
245
370
458
216
416
497
280
389
499
293
415
313
316
436
235
416
397
226
391
426
301
468
383
380
404
226
306
422
348
434
235
446
203
281
373
466
211
327
456
402
359
265
451
480
209
352
477
365
490
332
214
217
420
370
254
243
494
409
299
214
452
308
279
355
327
386
395
473
497
213
214
450
421
321
440
350
385
300
454
224
371
373
358
221
352
438
414
472
363
437
351
276
355
411
312
225
271
395
428
348
218
269
357
235
297
232
352
372
438
455
394
479
293
431
283
393
233
303
338
343
471
202
258
306
219
311
322
285
268
289
396
275
332
324
201
454
303
305
224
458
328
269
223
454
291
416
307
455
303
461
396
229
395
200
490
235
447
262
300
409
